371 371 371 371 371 371 371 371 371 371 371 371 371 324 325 326 
352 353 354 371 371 371 371 371 321 322 323 371 371 363 364 365 
371 371 371 371 356 357 358 371 360 361 362 371 371 371 371 371 
371 371 371 371 371 371 371 371 371 371 371 371 371 371 371 371 
371 371 371 371 371 371 371 371 371 371 371 371 371 371 371 371 
371 371 371 371 371 371 371 371 371 371 371 371 371 371 371 371 
371 371 371 371 371 371 371 371 371 371 371 371 371 371 371 371 
371 371 371 371 371 371 485 486 487 488 371 371 371 371 371 371 
371 371 371 371 371 371 371 371 371 371 371 371 371 371 371 371 
371 371 371 371 371 371 371 371 371 371 371 371 371 371 371 371 
371 371 371 371 371 371 371 371 371 371 371 371 371 371 371 371 
371 371 371 371 371 371 371 371 371 371 371 371 371 371 371 371 
371 371 371 371 371 371 371 371 371 371 371 371 371 371 371 371 
371 371 371 371 371 371 371 371 371 371 371 371 371 371 371 371 
371 371 371 371 371 371 371 371 371 371 371 371 371 371 371 371