371 371 371 371 371 371 371 371 371 371 371 371 371 371 371 371 
371 371 371 371 371 371 371 371 371 371 371 371 371 371 371 371 
371 371 371 371 371 371 371 371 371 371 371 371 371 371 371 371 
371 371 371 371 371 371 371 371 371 371 371 371 371 371 371 371 
371 371 371 371 371 371 371 371 371 371 371 371 371 371 371 371 
371 371 371 371 371 371 371 371 371 371 371 371 371 371 371 371 
371 371 371 371 371 371 371 371 371 371 371 371 371 371 371 371 
371 371 371 371 371 444 445 446 447 448 449 371 371 371 371 371 
371 371 371 371 371 371 371 371 371 371 371 371 371 371 371 371 
371 371 371 371 371 371 371 371 371 371 371 371 371 371 371 371 
371 371 371 371 371 371 371 371 371 371 371 371 371 371 371 371 
371 371 371 371 371 371 371 371 371 371 371 371 371 371 371 371 
371 371 371 371 371 371 371 371 371 371 371 371 371 371 371 371 
371 371 371 371 371 371 371 371 371 371 371 371 371 371 371 371 
371 371 371 371 371 371 371 371 371 371 371 371 371 371 371 371