13 13 14 15 16 17 18 19 20 21 22 23 24 13 13 13 
53 54 55 56 57 58 59 60 61 62 63 64 65 66 67 68 
13 13 13 93 94 95 96 97 98 99 100 101 102 13 13 13 
13 103 104 105 106 107 108 109 110 111 112 113 114 115 13 13 
13 13 13 13 13 116 117 118 119 120 13 13 13 13 13 13 
13 13 13 13 133 134 135 136 137 138 139 13 13 13 13 13 
13 13 140 141 142 143 144 145 146 147 148 149 150 13 13 13 
13 13 13 13 13 13 13 13 13 13 13 13 13 13 13 13 
13 13 13 13 13 13 13 381 13 13 13 13 13 13 13 13 
13 13 13 13 13 13 13 421 13 13 13 13 13 13 13 13 
13 13 13 291 292 293 294 295 296 297 298 299 300 13 13 13 
13 13 13 281 282 283 284 285 286 287 288 289 290 13 13 13 
13 213 214 215 216 217 218 219 220 221 222 223 224 225 226 13 
501 501 501 501 501 501 501 501 501 501 501 501 501 501 501 501 
501 501 501 501 501 449 450 451 452 453 454 501 501 501 501 501