371 371 371 371 371 371 371 371 371 371 371 371 371 371 371 371 
371 371 371 371 371 371 371 371 371 371 371 371 371 371 371 371 
371 371 371 371 371 371 371 371 371 371 371 371 371 371 371 371 
371 371 371 371 371 371 371 371 371 371 371 371 371 371 371 371 
371 371 371 371 328 329 330 331 368 369 371 371 371 371 371 371 
371 371 371 371 371 371 371 371 371 371 371 371 371 371 371 371 
371 371 371 371 371 371 371 371 371 371 371 371 371 371 371 371 
371 371 371 371 371 483 371 357 470 371 371 371 371 371 371 371 
371 371 371 371 371 371 371 371 371 371 371 371 371 371 371 371 
371 371 371 371 371 371 371 371 371 371 371 371 371 371 371 371 
371 371 371 371 371 371 371 371 371 371 371 371 371 371 371 371 
371 371 371 371 371 371 371 371 371 371 371 371 371 371 371 371 
371 371 371 371 371 371 371 371 371 371 371 371 371 371 371 371 
371 371 371 371 371 371 371 371 371 371 371 371 371 371 371 371 
371 371 371 371 371 371 371 371 371 371 371 371 371 371 371 371