371 371 371 371 371 371 371 371 371 371 371 371 371 371 371 371 
371 371 371 371 371 371 371 371 371 371 371 371 371 371 371 371 
371 371 1 2 3 4 5 6 7 8 9 10 11 12 371 371 
371 371 40 41 42 43 44 45 46 47 48 49 50 51 371 371 
371 371 79 80 81 82 83 84 85 86 87 88 89 90 371 371 
371 371 118 119 120 121 122 123 124 125 126 127 128 129 371 371 
371 371 157 158 159 160 161 162 163 164 165 166 167 168 371 371 
371 371 196 197 198 199 200 201 202 203 204 205 206 207 371 371 
371 371 371 371 371 371 371 371 371 371 371 371 371 371 371 371 
371 371 371 371 371 371 371 371 371 371 371 371 371 371 371 371 
371 371 371 371 371 209 210 211 212 213 214 371 371 371 371 371 
371 371 371 371 371 371 371 371 371 371 371 371 371 371 371 371 
371 371 371 371 371 371 371 371 371 371 371 371 371 371 371 371 
371 371 371 371 371 371 371 371 371 371 371 371 371 371 371 371 
371 371 371 371 371 371 371 371 371 371 371 371 371 371 371 371